seq	start	end	product	substrate	composite	gc	result
NC_063025.1	0	1000	2.64	0.11	2.53	39.7	RIP_affected
NC_063025.1	500	1500	2.19	0.09	2.1	37.6	RIP_affected
NC_063025.1	1000	2000	2.01	0.07	1.94	40.1	RIP_affected
NC_063025.1	1500	2500	2.08	0.04	2.04	40.2	RIP_affected
NC_063025.1	2000	3000	2.21	0.09	2.11	41.4	RIP_affected
NC_063025.1	2500	3500	2.27	0.2	2.07	45.0	RIP_affected
NC_063025.1	3000	4000	2.0	0.23	1.77	43.3	RIP_affected
NC_063025.1	3500	4500	1.85	0.21	1.65	43.2	RIP_affected
NC_063025.1	4000	5000	1.86	0.25	1.61	44.7	RIP_affected
NC_063025.1	4500	5500	1.64	0.23	1.41	41.2	RIP_affected
NC_063025.1	5000	6000	1.59	0.17	1.42	38.4	RIP_affected
NC_063025.1	5500	6500	1.71	0.14	1.57	37.1	RIP_affected
NC_063025.1	6000	7000	1.82	0.18	1.63	36.2	RIP_affected
NC_063025.1	6500	7500	1.65	0.46	1.2	41.6	RIP_affected
NC_063025.1	7000	8000	1.21	0.72	0.49	48.1	RIP_affected
NC_063025.1	7500	8500	1.05	0.98	0.08	51.5	RIP_notaffected
NC_063025.1	8000	9000	0.97	1.21	-0.24	51.8	RIP_notaffected
NC_063025.1	8500	9500	0.94	1.31	-0.38	51.6	RIP_notaffected
NC_063025.1	9000	10000	1.03	1.15	-0.12	50.9	RIP_notaffected
NC_063025.1	9500	10500	1.51	0.64	0.87	44.1	RIP_affected
NC_063025.1	10000	11000	1.76	0.48	1.29	45.9	RIP_affected
NC_063025.1	10500	11500	1.46	0.8	0.66	54.2	RIP_notaffected
NC_063025.1	11000	12000	1.19	1.02	0.16	55.5	RIP_notaffected
NC_063025.1	11500	12500	1.23	1.0	0.23	55.7	RIP_notaffected
NC_063025.1	12000	13000	1.47	0.99	0.48	56.8	RIP_notaffected
NC_063025.1	12500	13500	1.24	1.05	0.19	56.6	RIP_notaffected
NC_063025.1	13000	14000	1.16	1.0	0.16	56.0	RIP_notaffected
NC_063025.1	13500	14500	1.32	0.96	0.36	56.9	RIP_notaffected
NC_063025.1	14000	15000	1.19	1.07	0.11	55.0	RIP_notaffected
NC_063025.1	14500	15500	1.07	1.28	-0.22	54.0	RIP_notaffected
NC_063025.1	15000	16000	1.44	0.81	0.63	47.2	RIP_notaffected
NC_063025.1	15500	16500	1.9	0.31	1.6	39.2	RIP_affected
NC_063025.1	16000	17000	2.17	0.17	2.0	40.1	RIP_affected
NC_063025.1	16500	17500	2.22	0.18	2.04	45.8	RIP_affected
NC_063025.1	17000	18000	2.16	0.21	1.95	48.6	RIP_affected
NC_063025.1	17500	18500	2.27	0.2	2.07	43.4	RIP_affected
NC_063025.1	18000	19000	2.29	0.16	2.13	43.1	RIP_affected
NC_063025.1	18500	19500	2.3	0.19	2.11	46.7	RIP_affected
NC_063025.1	19000	20000	2.49	0.28	2.21	47.6	RIP_affected
NC_063025.1	19500	20500	2.46	0.26	2.2	45.4	RIP_affected
NC_063025.1	20000	21000	2.18	0.22	1.96	43.8	RIP_affected
NC_063025.1	20500	21500	1.82	0.32	1.49	44.1	RIP_affected
NC_063025.1	21000	22000	1.92	0.39	1.53	45.1	RIP_affected
NC_063025.1	21500	22500	2.03	0.3	1.73	45.1	RIP_affected
NC_063025.1	22000	23000	1.88	0.19	1.69	38.7	RIP_affected
NC_063025.1	22500	23500	1.84	0.24	1.6	35.0	RIP_affected
NC_063025.1	23000	24000	1.91	0.37	1.54	40.8	RIP_affected
NC_063025.1	23500	24500	1.59	0.68	0.91	47.8	RIP_affected
NC_063025.1	24000	25000	1.21	0.92	0.29	50.0	RIP_notaffected
NC_063025.1	24500	25500	0.97	1.05	-0.08	48.8	RIP_notaffected
NC_063025.1	25000	26000	0.78	1.17	-0.39	52.1	RIP_notaffected
NC_063025.1	25500	26500	0.58	1.25	-0.66	54.9	RIP_notaffected
NC_063025.1	26000	27000	0.47	1.34	-0.87	53.1	RIP_notaffected
NC_063025.1	26500	27500	0.46	1.45	-0.99	54.5	RIP_notaffected
NC_063025.1	27000	28000	0.72	1.26	-0.54	52.5	RIP_notaffected
NC_063025.1	27500	28500	1.58	0.58	1.0	44.6	RIP_affected
NC_063025.1	28000	29000	2.08	0.16	1.92	42.4	RIP_affected
NC_063025.1	28500	29500	2.07	0.11	1.96	45.0	RIP_affected
NC_063025.1	29000	30000	2.06	0.07	2.0	43.2	RIP_affected
NC_063025.1	29500	30500	1.84	0.1	1.74	41.7	RIP_affected
NC_063025.1	30000	31000	1.86	0.08	1.77	41.3	RIP_affected
NC_063025.1	30500	31500	1.99	0.09	1.9	41.9	RIP_affected
NC_063025.1	31000	32000	1.94	0.16	1.78	41.9	RIP_affected
NC_063025.1	31500	32500	2.28	0.17	2.11	44.7	RIP_affected
NC_063025.1	32000	33000	2.6	0.14	2.47	48.0	RIP_affected
NC_063025.1	32500	33500	2.29	0.16	2.13	45.6	RIP_affected
NC_063025.1	33000	34000	2.44	0.2	2.24	45.9	RIP_affected
NC_063025.1	33500	34500	2.43	0.2	2.23	48.0	RIP_affected
NC_063025.1	34000	35000	2.33	0.2	2.13	46.4	RIP_affected
NC_063025.1	34500	35500	2.23	0.19	2.04	44.6	RIP_affected
NC_063025.1	35000	36000	2.1	0.16	1.94	44.4	RIP_affected
NC_063025.1	35500	36500	2.15	0.19	1.96	44.1	RIP_affected
NC_063025.1	36000	37000	2.29	0.31	1.99	43.7	RIP_affected
NC_063025.1	36500	37500	2.0	0.46	1.54	38.4	RIP_affected
NC_063025.1	37000	38000	1.84	0.5	1.33	34.0	RIP_affected
NC_063025.1	37500	38500	1.85	0.47	1.38	34.2	RIP_affected
NC_063025.1	38000	39000	1.81	0.53	1.28	36.8	RIP_affected
NC_063025.1	38500	39500	1.97	0.47	1.5	37.1	RIP_affected
NC_063025.1	39000	40000	2.27	0.35	1.92	35.7	RIP_affected
NC_063025.1	39500	40500	2.0	0.58	1.42	38.1	RIP_affected
NC_063025.1	40000	41000	1.82	0.8	1.02	39.6	RIP_notaffected
NC_063025.1	40500	41500	1.68	0.67	1.01	36.9	RIP_affected
NC_063025.1	41000	42000	1.86	0.32	1.54	38.1	RIP_affected
NC_063025.1	41500	42500	2.0	0.15	1.85	39.3	RIP_affected
NC_063025.1	42000	43000	1.8	0.12	1.69	35.7	RIP_affected
NC_063025.1	42500	43500	1.92	0.19	1.73	40.0	RIP_affected
NC_063025.1	43000	44000	2.32	0.27	2.05	43.2	RIP_affected
NC_063025.1	43500	44500	2.18	0.25	1.93	43.6	RIP_affected
NC_063025.1	44000	45000	2.12	0.21	1.9	45.6	RIP_affected
NC_063025.1	44500	45500	2.34	0.26	2.07	46.1	RIP_affected
NC_063025.1	45000	46000	2.36	0.28	2.07	45.2	RIP_affected
NC_063025.1	45500	46500	2.47	0.2	2.27	45.4	RIP_affected
NC_063025.1	46000	47000	2.63	0.16	2.47	46.4	RIP_affected
NC_063025.1	46500	47500	2.7	0.16	2.54	47.1	RIP_affected
NC_063025.1	47000	48000	2.37	0.19	2.17	46.3	RIP_affected
NC_063025.1	47500	48500	2.44	0.18	2.26	45.5	RIP_affected
NC_063025.1	48000	49000	2.58	0.17	2.41	49.1	RIP_affected
NC_063025.1	48500	49500	2.55	0.13	2.42	48.0	RIP_affected
NC_063025.1	49000	50000	2.64	0.07	2.57	43.7	RIP_affected
NC_063025.1	49500	50500	2.23	0.1	2.13	43.6	RIP_affected
NC_063025.1	50000	51000	2.16	0.18	1.98	45.0	RIP_affected
NC_063025.1	50500	51500	2.31	0.18	2.14	42.5	RIP_affected
NC_063025.1	51000	52000	2.27	0.13	2.14	44.4	RIP_affected
NC_063025.1	51500	52500	2.49	0.14	2.36	47.7	RIP_affected
NC_063025.1	52000	53000	2.33	0.15	2.19	45.5	RIP_affected
NC_063025.1	52500	53500	2.09	0.17	1.92	44.9	RIP_affected
NC_063025.1	53000	54000	2.15	0.14	2.01	45.4	RIP_affected
NC_063025.1	53500	54500	2.07	0.1	1.97	40.9	RIP_affected
NC_063025.1	54000	55000	2.07	0.12	1.95	39.1	RIP_affected
NC_063025.1	54500	55500	2.21	0.1	2.11	38.3	RIP_affected
NC_063025.1	55000	56000	2.02	0.08	1.94	34.7	RIP_affected
NC_063025.1	55500	56500	2.0	0.08	1.92	37.9	RIP_affected
NC_063025.1	56000	57000	2.17	0.09	2.07	39.4	RIP_affected
NC_063025.1	56500	57500	2.12	0.09	2.04	37.2	RIP_affected
NC_063025.1	57000	58000	2.12	0.07	2.06	39.7	RIP_affected
NC_063025.1	57500	58500	2.19	0.07	2.13	42.4	RIP_affected
NC_063025.1	58000	59000	2.06	0.08	1.98	41.4	RIP_affected
NC_063025.1	58500	59500	2.02	0.08	1.94	41.5	RIP_affected
NC_063025.1	59000	60000	1.96	0.09	1.86	36.1	RIP_affected
NC_063025.1	59500	60500	1.88	0.12	1.76	33.6	RIP_affected
NC_063025.1	60000	61000	1.89	0.2	1.68	33.9	RIP_affected
NC_063025.1	60500	61500	1.74	0.25	1.5	32.8	RIP_affected
NC_063025.1	61000	62000	1.75	0.24	1.51	35.2	RIP_affected
NC_063025.1	61500	62500	1.75	0.25	1.5	36.0	RIP_affected
NC_063025.1	62000	63000	1.75	0.21	1.54	37.3	RIP_affected
NC_063025.1	62500	63500	1.74	0.15	1.59	36.1	RIP_affected
NC_063025.1	63000	64000	1.65	0.25	1.4	34.8	RIP_affected
NC_063025.1	63500	64500	1.64	0.31	1.32	36.6	RIP_affected
NC_063025.1	64000	65000	1.64	0.24	1.41	37.6	RIP_affected
NC_063025.1	64500	65500	1.53	0.58	0.95	40.9	RIP_affected
NC_063025.1	65000	66000	1.26	1.08	0.18	49.5	RIP_notaffected
NC_063025.1	65500	66500	1.07	1.11	-0.04	54.1	RIP_notaffected
NC_063025.1	66000	67000	1.2	1.02	0.18	55.5	RIP_notaffected
NC_063025.1	66500	67500	1.24	0.97	0.27	57.1	RIP_notaffected
NC_063025.1	67000	68000	1.21	1.07	0.14	57.2	RIP_notaffected
NC_063025.1	67500	68500	1.27	1.07	0.2	56.7	RIP_notaffected
NC_063025.1	68000	69000	1.46	0.95	0.51	55.0	RIP_notaffected
NC_063025.1	68500	69500	1.29	0.95	0.34	55.8	RIP_notaffected
NC_063025.1	69000	70000	1.29	0.97	0.31	56.6	RIP_notaffected
NC_063025.1	69500	70500	1.52	0.71	0.81	49.5	RIP_affected
NC_063025.1	70000	71000	1.6	0.3	1.3	41.2	RIP_affected
NC_063025.1	70500	71500	1.7	0.16	1.54	37.4	RIP_affected
NC_063025.1	71000	72000	1.82	0.18	1.64	33.0	RIP_affected
NC_063025.1	71500	72500	1.79	0.26	1.53	32.2	RIP_affected
NC_063025.1	72000	73000	1.78	0.25	1.53	35.2	RIP_affected
NC_063025.1	72500	73500	1.77	0.24	1.53	36.2	RIP_affected
NC_063025.1	73000	74000	1.7	0.24	1.46	37.4	RIP_affected
NC_063025.1	73500	74500	1.71	0.13	1.58	37.1	RIP_affected
NC_063025.1	74000	75000	1.66	0.22	1.44	34.8	RIP_affected
NC_063025.1	74500	75500	1.61	0.33	1.28	35.4	RIP_affected
NC_063025.1	75000	76000	1.65	0.25	1.4	36.8	RIP_affected
NC_063025.1	75500	76500	1.66	0.29	1.37	37.0	RIP_affected
NC_063025.1	76000	77000	1.63	0.29	1.33	38.7	RIP_affected
NC_063025.1	76500	77500	1.67	0.19	1.48	37.8	RIP_affected
NC_063025.1	77000	78000	1.79	0.14	1.66	33.6	RIP_affected
NC_063025.1	77500	78500	1.83	0.26	1.57	32.2	RIP_affected
NC_063025.1	78000	79000	1.74	0.26	1.47	34.2	RIP_affected
NC_063025.1	78500	79500	1.72	0.24	1.48	35.7	RIP_affected
NC_063025.1	79000	80000	1.69	0.25	1.44	37.2	RIP_affected
NC_063025.1	79500	80500	1.77	0.15	1.62	37.6	RIP_affected
NC_063025.1	80000	81000	1.75	0.19	1.56	35.5	RIP_affected
NC_063025.1	80500	81500	1.65	0.29	1.36	35.6	RIP_affected
NC_063025.1	81000	82000	1.6	0.27	1.33	36.5	RIP_affected
NC_063025.1	81500	82500	1.63	0.26	1.38	36.6	RIP_affected
NC_063025.1	82000	83000	1.54	0.33	1.21	38.6	RIP_affected
NC_063025.1	82500	83500	1.63	0.23	1.39	38.0	RIP_affected
NC_063025.1	83000	84000	1.87	0.13	1.74	34.1	RIP_affected
NC_063025.1	83500	84500	2.01	0.22	1.79	35.9	RIP_affected
NC_063025.1	84000	85000	2.07	0.27	1.79	41.6	RIP_affected
NC_063025.1	84500	85500	1.94	0.21	1.73	38.7	RIP_affected
NC_063025.1	85000	86000	1.8	0.2	1.61	35.3	RIP_affected
NC_063025.1	85500	86500	1.82	0.19	1.64	37.1	RIP_affected
NC_063025.1	86000	87000	1.8	0.12	1.67	36.6	RIP_affected
NC_063025.1	86500	87500	1.63	0.14	1.49	36.4	RIP_affected
NC_063025.1	87000	88000	1.52	0.24	1.29	37.2	RIP_affected
NC_063025.1	87500	88500	1.62	0.21	1.41	36.4	RIP_affected
NC_063025.1	88000	89000	1.68	0.13	1.56	35.8	RIP_affected
NC_063025.1	88500	89500	1.84	0.12	1.72	37.2	RIP_affected
NC_063025.1	89000	90000	2.05	0.13	1.92	38.7	RIP_affected
NC_063025.1	89500	90500	2.05	0.1	1.95	41.6	RIP_affected
NC_063025.1	90000	91000	2.2	0.07	2.12	44.0	RIP_affected
NC_063025.1	90500	91500	2.21	0.09	2.12	45.1	RIP_affected
NC_063025.1	91000	92000	2.26	0.11	2.16	45.3	RIP_affected
NC_063025.1	91500	92500	2.57	0.1	2.46	45.8	RIP_affected
NC_063025.1	92000	93000	2.44	0.06	2.37	44.7	RIP_affected
NC_063025.1	92500	93500	2.36	0.04	2.32	43.3	RIP_affected
NC_063025.1	93000	94000	2.17	0.06	2.11	44.8	RIP_affected
NC_063025.1	93500	94500	2.16	0.15	2.01	42.9	RIP_affected
NC_063025.1	94000	95000	2.28	0.21	2.07	41.7	RIP_affected
NC_063025.1	94500	95500	1.98	0.17	1.8	38.4	RIP_affected
NC_063025.1	95000	96000	1.88	0.21	1.67	39.9	RIP_affected
NC_063025.1	95500	96500	1.89	0.27	1.62	44.6	RIP_affected
NC_063025.1	96000	97000	1.92	0.23	1.69	42.0	RIP_affected
NC_063025.1	96500	97500	2.11	0.16	1.95	43.2	RIP_affected
NC_063025.1	97000	98000	2.13	0.16	1.97	44.8	RIP_affected
NC_063025.1	97500	98500	2.18	0.11	2.08	41.8	RIP_affected
NC_063025.1	98000	99000	2.11	0.07	2.04	42.4	RIP_affected
NC_063025.1	98500	99500	2.05	0.11	1.94	41.8	RIP_affected
NC_063025.1	99000	100000	1.95	0.09	1.85	38.3	RIP_affected
NC_063025.1	99500	100500	2.02	0.11	1.91	42.7	RIP_affected
NC_063025.1	100000	101000	2.25	0.12	2.13	46.2	RIP_affected
NC_063025.1	100500	101500	2.25	0.14	2.11	44.9	RIP_affected
NC_063025.1	101000	102000	2.34	0.16	2.19	44.6	RIP_affected
NC_063025.1	101500	102500	2.32	0.17	2.15	47.9	RIP_affected
NC_063025.1	102000	103000	2.33	0.18	2.16	46.6	RIP_affected
NC_063025.1	102500	103500	2.22	0.18	2.05	43.0	RIP_affected
NC_063025.1	103000	104000	2.16	0.23	1.93	44.9	RIP_affected
NC_063025.1	103500	104500	2.33	0.27	2.06	45.5	RIP_affected
NC_063025.1	104000	105000	2.33	0.29	2.03	43.3	RIP_affected
NC_063025.1	104500	105500	2.38	0.14	2.24	40.3	RIP_affected
NC_063025.1	105000	106000	2.29	0.04	2.24	39.6	RIP_affected
NC_063025.1	105500	106500	1.95	0.09	1.85	38.5	RIP_affected
NC_063025.1	106000	107000	1.75	0.15	1.61	38.9	RIP_affected
NC_063025.1	106500	107500	1.91	0.13	1.78	40.1	RIP_affected
NC_063025.1	107000	108000	2.18	0.22	1.96	41.9	RIP_affected
NC_063025.1	107500	108500	2.35	0.32	2.03	43.4	RIP_affected
NC_063025.1	108000	109000	2.18	0.25	1.94	43.9	RIP_affected
NC_063025.1	108500	109500	2.0	0.22	1.78	45.6	RIP_affected
NC_063025.1	109000	110000	2.3	0.2	2.1	44.9	RIP_affected
NC_063025.1	109500	110500	2.38	0.2	2.19	46.9	RIP_affected
NC_063025.1	110000	111000	2.46	0.16	2.3	47.3	RIP_affected
NC_063025.1	110500	111500	2.37	0.19	2.18	45.8	RIP_affected
NC_063025.1	111000	112000	2.25	0.2	2.04	45.2	RIP_affected
NC_063025.1	111500	112500	2.2	0.15	2.05	45.6	RIP_affected
NC_063025.1	112000	113000	1.89	0.13	1.76	41.5	RIP_affected
NC_063025.1	112500	113500	1.77	0.12	1.65	37.6	RIP_affected
NC_063025.1	113000	114000	1.96	0.12	1.84	39.2	RIP_affected
NC_063025.1	113500	114500	2.01	0.12	1.89	38.3	RIP_affected
NC_063025.1	114000	115000	1.76	0.27	1.49	42.5	RIP_affected
NC_063025.1	114500	115500	1.95	0.27	1.67	44.5	RIP_affected
NC_063025.1	115000	116000	2.1	0.22	1.88	39.8	RIP_affected
NC_063025.1	115500	116500	1.99	0.26	1.73	38.3	RIP_affected
NC_063025.1	116000	117000	2.11	0.21	1.9	41.1	RIP_affected
NC_063025.1	116500	117500	1.99	0.28	1.7	40.7	RIP_affected
NC_063025.1	117000	118000	1.9	0.36	1.54	37.8	RIP_affected
NC_063025.1	117500	118500	1.61	0.74	0.87	42.2	RIP_affected
NC_063025.1	118000	119000	1.09	1.28	-0.19	47.3	RIP_notaffected
NC_063025.1	118500	119500	1.17	1.24	-0.08	45.9	RIP_notaffected
NC_063025.1	119000	120000	1.17	1.2	-0.02	44.5	RIP_notaffected
NC_063025.1	119500	120500	0.98	1.13	-0.14	47.1	RIP_notaffected
NC_063025.1	120000	121000	0.92	1.18	-0.26	49.0	RIP_notaffected
NC_063025.1	120500	121500	0.98	1.3	-0.32	48.5	RIP_notaffected
NC_063025.1	121000	122000	0.9	1.3	-0.4	48.4	RIP_notaffected
NC_063025.1	121500	122500	0.76	1.49	-0.73	47.2	RIP_notaffected
NC_063025.1	122000	123000	0.85	1.26	-0.41	47.1	RIP_notaffected
NC_063025.1	122500	123500	1.42	0.78	0.64	48.1	RIP_notaffected
NC_063025.1	123000	124000	1.82	0.6	1.23	44.9	RIP_affected
NC_063025.1	123500	124500	1.68	0.74	0.95	47.3	RIP_affected
NC_063025.1	124000	125000	0.82	1.08	-0.26	51.1	RIP_notaffected
NC_063025.1	124500	125500	0.52	1.55	-1.02	49.2	RIP_notaffected
NC_063025.1	125000	126000	0.58	1.59	-1.01	48.5	RIP_notaffected
NC_063025.1	125500	126500	0.69	1.48	-0.78	49.8	RIP_notaffected
NC_063025.1	126000	127000	0.59	1.53	-0.94	49.8	RIP_notaffected
NC_063025.1	126500	127500	0.6	1.36	-0.76	49.6	RIP_notaffected
NC_063025.1	127000	128000	0.72	1.34	-0.62	48.9	RIP_notaffected
NC_063025.1	127500	128500	0.86	1.44	-0.58	47.1	RIP_notaffected
NC_063025.1	128000	129000	0.83	1.52	-0.69	48.8	RIP_notaffected
NC_063025.1	128500	129500	0.95	1.35	-0.4	48.8	RIP_notaffected
NC_063025.1	129000	130000	1.69	0.68	1.01	45.6	RIP_affected
NC_063025.1	129500	130500	2.12	0.17	1.95	43.2	RIP_affected
NC_063025.1	130000	131000	2.22	0.12	2.11	42.1	RIP_affected
NC_063025.1	130500	131500	2.52	0.11	2.41	43.0	RIP_affected
NC_063025.1	131000	132000	2.3	0.19	2.11	42.9	RIP_affected
NC_063025.1	131500	132500	2.08	0.31	1.77	43.8	RIP_affected
NC_063025.1	132000	133000	2.27	0.23	2.04	44.4	RIP_affected
NC_063025.1	132500	133500	2.2	0.12	2.08	40.7	RIP_affected
NC_063025.1	133000	134000	2.1	0.09	2.01	42.5	RIP_affected
NC_063025.1	133500	134500	2.11	0.09	2.01	43.4	RIP_affected
NC_063025.1	134000	135000	2.22	0.05	2.17	40.3	RIP_affected
NC_063025.1	134500	135500	2.04	0.39	1.64	48.4	RIP_affected
NC_063025.1	135000	136000	1.39	0.82	0.57	55.0	RIP_notaffected
NC_063025.1	135500	136500	0.82	1.04	-0.21	55.0	RIP_notaffected
NC_063025.1	136000	137000	0.6	1.22	-0.62	55.7	RIP_notaffected
NC_063025.1	136500	137500	0.97	1.07	-0.1	56.2	RIP_notaffected
NC_063025.1	137000	138000	1.19	0.97	0.22	55.1	RIP_notaffected
NC_063025.1	137500	138500	0.81	1.21	-0.4	52.9	RIP_notaffected
NC_063025.1	138000	139000	0.82	1.22	-0.4	52.3	RIP_notaffected
NC_063025.1	138500	139500	0.72	1.24	-0.53	50.4	RIP_notaffected
NC_063025.1	139000	140000	0.62	1.37	-0.75	49.9	RIP_notaffected
NC_063025.1	139500	140500	0.87	1.16	-0.29	51.5	RIP_notaffected
NC_063025.1	140000	141000	0.8	1.14	-0.34	52.3	RIP_notaffected
NC_063025.1	140500	141500	0.76	1.21	-0.46	52.6	RIP_notaffected
NC_063025.1	141000	142000	0.8	1.25	-0.45	53.1	RIP_notaffected
NC_063025.1	141500	142500	1.22	0.89	0.33	51.5	RIP_notaffected
NC_063025.1	142000	143000	1.97	0.32	1.65	45.7	RIP_affected
NC_063025.1	142500	143500	2.0	0.06	1.94	39.2	RIP_affected
NC_063025.1	143000	144000	2.07	0.2	1.87	43.8	RIP_affected
NC_063025.1	143500	144500	2.47	0.31	2.16	49.1	RIP_affected
NC_063025.1	144000	145000	2.06	0.45	1.62	44.8	RIP_affected
NC_063025.1	144500	145500	1.76	0.65	1.11	43.2	RIP_affected
NC_063025.1	145000	146000	1.86	0.72	1.14	45.2	RIP_affected
NC_063025.1	145500	146500	1.88	0.73	1.15	46.7	RIP_affected
NC_063025.1	146000	147000	1.83	0.46	1.36	43.1	RIP_affected
NC_063025.1	146500	147500	1.87	0.14	1.73	41.9	RIP_affected
NC_063025.1	147000	148000	2.02	0.11	1.92	44.5	RIP_affected
NC_063025.1	147500	148500	2.14	0.12	2.02	43.6	RIP_affected
NC_063025.1	148000	149000	2.2	0.15	2.05	43.8	RIP_affected
NC_063025.1	148500	149500	2.49	0.12	2.37	46.1	RIP_affected
NC_063025.1	149000	150000	2.38	0.09	2.29	46.3	RIP_affected
NC_063025.1	149500	150500	2.27	0.07	2.2	44.1	RIP_affected
NC_063025.1	150000	151000	2.3	0.18	2.12	42.7	RIP_affected
NC_063025.1	150500	151500	2.28	0.28	2.0	43.4	RIP_affected
NC_063025.1	151000	152000	2.1	0.33	1.78	45.6	RIP_affected
NC_063025.1	151500	152500	2.03	0.27	1.76	46.0	RIP_affected
NC_063025.1	152000	153000	2.16	0.21	1.95	45.2	RIP_affected
NC_063025.1	152500	153500	2.35	0.22	2.13	46.8	RIP_affected
NC_063025.1	153000	154000	2.43	0.25	2.18	49.1	RIP_affected
NC_063025.1	153500	154500	2.47	0.27	2.21	47.7	RIP_affected
NC_063025.1	154000	155000	2.22	0.22	2.0	45.5	RIP_affected
NC_063025.1	154500	155500	2.33	0.22	2.11	47.0	RIP_affected
NC_063025.1	155000	156000	2.26	0.21	2.04	46.9	RIP_affected
NC_063025.1	155500	156500	2.01	0.22	1.8	42.5	RIP_affected
NC_063025.1	156000	157000	2.25	0.17	2.08	41.5	RIP_affected
NC_063025.1	156500	157500	2.06	0.12	1.94	40.4	RIP_affected
NC_063025.1	157000	158000	1.92	0.16	1.76	38.9	RIP_affected
NC_063025.1	157500	158500	2.06	0.16	1.9	39.0	RIP_affected
NC_063025.1	158000	159000	1.97	0.13	1.84	35.2	RIP_affected
NC_063025.1	158500	159500	2.12	0.16	1.95	36.3	RIP_affected
NC_063025.1	159000	160000	2.19	0.16	2.03	39.4	RIP_affected
NC_063025.1	159500	160500	2.11	0.14	1.97	40.9	RIP_affected
NC_063025.1	160000	161000	1.95	0.23	1.73	37.8	RIP_affected
NC_063025.1	160500	161500	1.59	0.67	0.92	42.5	RIP_affected
NC_063025.1	161000	162000	1.43	0.95	0.48	53.0	RIP_notaffected
NC_063025.1	161500	162500	1.46	0.86	0.61	50.6	RIP_notaffected
NC_063025.1	162000	163000	1.69	0.71	0.97	49.0	RIP_affected
NC_063025.1	162500	163500	2.1	0.64	1.45	50.9	RIP_affected
NC_063025.1	163000	164000	1.78	0.56	1.22	46.1	RIP_affected
NC_063025.1	163500	164500	1.95	0.24	1.71	42.1	RIP_affected
NC_063025.1	164000	165000	2.25	0.11	2.14	42.6	RIP_affected
NC_063025.1	164500	165500	2.04	0.17	1.87	42.3	RIP_affected
NC_063025.1	165000	166000	2.3	0.13	2.17	43.7	RIP_affected
NC_063025.1	165500	166500	2.9	0.1	2.8	44.7	RIP_affected
NC_063025.1	166000	167000	2.63	0.1	2.53	45.2	RIP_affected
NC_063025.1	166500	167500	2.71	0.11	2.6	45.8	RIP_affected
NC_063025.1	167000	168000	2.45	0.16	2.3	44.9	RIP_affected
NC_063025.1	167500	168500	2.29	0.14	2.15	44.8	RIP_affected
NC_063025.1	168000	169000	2.45	0.12	2.32	44.4	RIP_affected
NC_063025.1	168500	169500	2.75	0.1	2.65	47.5	RIP_affected
NC_063025.1	169000	170000	2.76	0.08	2.67	48.7	RIP_affected
NC_063025.1	169500	170500	2.3	0.17	2.14	44.0	RIP_affected
NC_063025.1	170000	171000	2.05	0.19	1.86	41.9	RIP_affected
NC_063025.1	170500	171500	2.33	0.11	2.23	43.0	RIP_affected
NC_063025.1	171000	172000	2.49	0.1	2.39	44.5	RIP_affected
NC_063025.1	171500	172500	2.23	0.11	2.12	42.1	RIP_affected
NC_063025.1	172000	173000	2.16	0.08	2.08	40.5	RIP_affected
NC_063025.1	172500	173500	1.86	0.08	1.78	40.2	RIP_affected
NC_063025.1	173000	174000	1.89	0.14	1.75	41.4	RIP_affected
NC_063025.1	173500	174500	1.99	0.17	1.82	41.1	RIP_affected
NC_063025.1	174000	175000	1.85	0.15	1.7	38.2	RIP_affected
NC_063025.1	174500	175500	1.37	0.61	0.76	43.0	RIP_affected
NC_063025.1	175000	176000	0.74	1.1	-0.37	51.3	RIP_notaffected
NC_063025.1	175500	176500	0.7	1.12	-0.43	54.9	RIP_notaffected
NC_063025.1	176000	177000	0.76	1.14	-0.38	55.2	RIP_notaffected
NC_063025.1	176500	177500	0.81	1.25	-0.44	54.9	RIP_notaffected
NC_063025.1	177000	178000	0.78	1.4	-0.61	53.3	RIP_notaffected
NC_063025.1	177500	178500	0.88	1.22	-0.34	50.4	RIP_notaffected
NC_063025.1	178000	179000	0.94	1.07	-0.13	49.7	RIP_notaffected
NC_063025.1	178500	179500	0.91	1.09	-0.19	49.8	RIP_notaffected
NC_063025.1	179000	180000	0.71	1.07	-0.36	54.9	RIP_notaffected
NC_063025.1	179500	180500	0.69	1.19	-0.49	55.4	RIP_notaffected
NC_063025.1	180000	181000	0.84	1.2	-0.36	53.2	RIP_notaffected
NC_063025.1	180500	181500	0.66	1.21	-0.55	55.1	RIP_notaffected
NC_063025.1	181000	182000	0.66	1.17	-0.51	53.0	RIP_notaffected
NC_063025.1	181500	182500	0.65	0.99	-0.34	51.3	RIP_notaffected
NC_063025.1	182000	183000	0.77	0.9	-0.13	53.0	RIP_notaffected
NC_063025.1	182500	183500	0.55	1.14	-0.58	54.5	RIP_notaffected
NC_063025.1	183000	184000	0.44	1.39	-0.95	54.7	RIP_notaffected
NC_063025.1	183500	184500	0.63	1.31	-0.68	57.1	RIP_notaffected
NC_063025.1	184000	185000	0.82	1.08	-0.27	53.7	RIP_notaffected
NC_063025.1	184500	185500	0.83	1.08	-0.24	52.6	RIP_notaffected
NC_063025.1	185000	186000	0.54	1.22	-0.68	55.3	RIP_notaffected
NC_063025.1	185500	186500	0.57	1.39	-0.82	55.0	RIP_notaffected
NC_063025.1	186000	187000	0.57	1.45	-0.88	55.2	RIP_notaffected
NC_063025.1	186500	187500	0.56	1.45	-0.9	52.5	RIP_notaffected
NC_063025.1	187000	188000	0.49	1.41	-0.92	51.1	RIP_notaffected
NC_063025.1	187500	188500	0.59	1.29	-0.7	50.7	RIP_notaffected
NC_063025.1	188000	189000	0.81	1.17	-0.36	49.2	RIP_notaffected
NC_063025.1	188500	189500	1.06	1.02	0.04	50.0	RIP_notaffected
NC_063025.1	189000	190000	1.33	0.94	0.4	52.9	RIP_notaffected
NC_063025.1	189500	190500	1.07	0.93	0.13	55.1	RIP_notaffected
NC_063025.1	190000	191000	0.78	1.22	-0.44	52.8	RIP_notaffected
NC_063025.1	190500	191500	0.71	1.35	-0.63	53.4	RIP_notaffected
NC_063025.1	191000	192000	0.57	1.27	-0.7	58.2	RIP_notaffected
NC_063025.1	191500	192500	0.68	1.16	-0.47	57.5	RIP_notaffected
NC_063025.1	192000	193000	0.73	1.3	-0.57	57.5	RIP_notaffected
NC_063025.1	192500	193500	0.61	1.44	-0.83	57.7	RIP_notaffected
NC_063025.1	193000	194000	1.04	1.05	-0.01	52.0	RIP_notaffected
NC_063025.1	193500	194500	0.82	1.23	-0.41	54.7	RIP_notaffected
NC_063025.1	194000	195000	0.3	1.5	-1.2	60.4	RIP_notaffected
NC_063025.1	194500	195500	0.35	1.4	-1.05	60.8	RIP_notaffected
NC_063025.1	195000	196000	0.47	1.25	-0.78	56.7	RIP_notaffected
NC_063025.1	195500	196500	0.58	1.22	-0.64	51.6	RIP_notaffected
NC_063025.1	196000	197000	0.47	1.36	-0.89	52.3	RIP_notaffected
NC_063025.1	196500	197500	0.32	1.42	-1.1	56.7	RIP_notaffected
NC_063025.1	197000	198000	0.49	1.35	-0.86	59.6	RIP_notaffected
NC_063025.1	197500	198500	0.53	1.4	-0.87	56.5	RIP_notaffected
NC_063025.1	198000	199000	0.55	1.41	-0.85	55.6	RIP_notaffected
NC_063025.1	198500	199500	0.51	1.46	-0.95	49.5	RIP_notaffected
NC_063025.1	199000	200000	0.44	1.38	-0.94	45.8	RIP_notaffected
NC_063025.1	199500	200500	0.46	1.25	-0.79	52.1	RIP_notaffected
NC_063025.1	200000	201000	0.35	1.46	-1.11	56.1	RIP_notaffected
NC_063025.1	200500	201500	0.39	1.42	-1.03	57.9	RIP_notaffected
NC_063025.1	201000	202000	0.68	1.23	-0.54	56.6	RIP_notaffected
NC_063025.1	201500	202500	0.8	1.11	-0.32	51.8	RIP_notaffected
NC_063025.1	202000	203000	0.8	1.24	-0.44	54.9	RIP_notaffected
NC_063025.1	202500	203500	0.74	1.15	-0.41	60.4	RIP_notaffected
NC_063025.1	203000	204000	0.72	1.11	-0.4	58.5	RIP_notaffected
NC_063025.1	203500	204500	0.72	1.15	-0.43	55.1	RIP_notaffected
NC_063025.1	204000	205000	1.23	0.69	0.54	47.5	RIP_affected
NC_063025.1	204500	205500	1.58	0.22	1.36	42.1	RIP_affected
NC_063025.1	205000	206000	1.54	0.44	1.1	44.4	RIP_affected
NC_063025.1	205500	206500	1.04	1.01	0.04	50.3	RIP_notaffected
NC_063025.1	206000	207000	0.86	0.99	-0.13	53.9	RIP_notaffected
NC_063025.1	206500	207500	0.98	0.91	0.06	54.8	RIP_notaffected
NC_063025.1	207000	208000	0.93	0.99	-0.06	56.3	RIP_notaffected
NC_063025.1	207500	208500	1.12	0.94	0.18	57.7	RIP_notaffected
NC_063025.1	208000	209000	0.94	0.94	0.0	56.3	RIP_notaffected
NC_063025.1	208500	209500	1.06	0.86	0.2	53.8	RIP_notaffected
NC_063025.1	209000	210000	1.35	0.8	0.55	55.0	RIP_notaffected
NC_063025.1	209500	210500	1.31	0.91	0.4	57.6	RIP_notaffected
NC_063025.1	210000	211000	1.18	0.94	0.24	59.3	RIP_notaffected
NC_063025.1	210500	211500	0.59	1.07	-0.48	57.6	RIP_notaffected
NC_063025.1	211000	212000	0.92	1.08	-0.16	54.1	RIP_notaffected
NC_063025.1	211500	212500	2.21	0.5	1.71	49.4	RIP_affected
NC_063025.1	212000	213000	2.39	0.16	2.23	47.5	RIP_affected
NC_063025.1	212500	213500	2.14	0.19	1.95	46.2	RIP_affected
NC_063025.1	213000	214000	2.32	0.22	2.1	45.9	RIP_affected
NC_063025.1	213500	214500	2.44	0.27	2.17	48.2	RIP_affected
NC_063025.1	214000	215000	2.33	0.2	2.12	44.3	RIP_affected
NC_063025.1	214500	215500	2.06	0.16	1.9	40.4	RIP_affected
NC_063025.1	215000	216000	1.84	0.18	1.65	39.9	RIP_affected
NC_063025.1	215500	216500	1.84	0.17	1.67	40.0	RIP_affected
NC_063025.1	216000	217000	2.26	0.16	2.1	38.3	RIP_affected
NC_063025.1	216500	217500	2.12	0.16	1.97	38.1	RIP_affected
NC_063025.1	217000	218000	1.98	0.23	1.75	41.7	RIP_affected
NC_063025.1	217500	218500	2.2	0.25	1.95	44.0	RIP_affected
NC_063025.1	218000	219000	1.87	0.41	1.46	43.7	RIP_affected
NC_063025.1	218500	219500	1.97	0.43	1.54	44.3	RIP_affected
NC_063025.1	219000	220000	2.2	0.35	1.85	45.1	RIP_affected
NC_063025.1	219500	220500	2.04	0.33	1.72	46.4	RIP_affected
NC_063025.1	220000	221000	2.18	0.28	1.9	48.2	RIP_affected
NC_063025.1	220500	221500	2.31	0.35	1.96	48.2	RIP_affected
NC_063025.1	221000	222000	2.49	0.28	2.21	49.0	RIP_affected
NC_063025.1	221500	222500	2.54	0.27	2.26	47.2	RIP_affected
NC_063025.1	222000	223000	2.08	0.36	1.71	47.1	RIP_affected
NC_063025.1	222500	223500	1.98	0.36	1.62	48.8	RIP_affected
NC_063025.1	223000	224000	1.95	0.33	1.63	48.7	RIP_affected
NC_063025.1	223500	224500	1.96	0.21	1.75	47.0	RIP_affected
NC_063025.1	224000	225000	2.29	0.1	2.18	44.3	RIP_affected
NC_063025.1	224500	225500	2.48	0.12	2.36	46.1	RIP_affected
NC_063025.1	225000	226000	2.41	0.16	2.25	47.5	RIP_affected
NC_063025.1	225500	226500	2.45	0.16	2.29	45.5	RIP_affected
NC_063025.1	226000	227000	2.31	0.17	2.14	44.5	RIP_affected
NC_063025.1	226500	227500	2.48	0.17	2.32	47.0	RIP_affected
NC_063025.1	227000	228000	2.41	0.15	2.26	45.5	RIP_affected
NC_063025.1	227500	228500	2.01	0.15	1.86	39.4	RIP_affected
NC_063025.1	228000	229000	1.87	0.16	1.71	37.4	RIP_affected
NC_063025.1	228500	229500	1.68	0.23	1.46	38.5	RIP_affected
NC_063025.1	229000	230000	1.81	0.28	1.52	39.8	RIP_affected
NC_063025.1	229500	230500	2.04	0.18	1.86	40.3	RIP_affected
NC_063025.1	230000	231000	2.05	0.14	1.91	40.2	RIP_affected
NC_063025.1	230500	231500	1.94	0.21	1.73	39.8	RIP_affected
NC_063025.1	231000	232000	1.99	0.23	1.76	40.0	RIP_affected
NC_063025.1	231500	232500	2.23	0.16	2.07	41.6	RIP_affected
NC_063025.1	232000	233000	1.93	0.25	1.68	41.5	RIP_affected
NC_063025.1	232500	233500	1.73	0.3	1.43	40.7	RIP_affected
NC_063025.1	233000	234000	1.99	0.28	1.71	41.3	RIP_affected
NC_063025.1	233500	234500	2.13	0.26	1.87	40.1	RIP_affected
NC_063025.1	234000	235000	2.35	0.22	2.13	41.9	RIP_affected
NC_063025.1	234500	235500	2.14	0.27	1.87	42.4	RIP_affected
NC_063025.1	235000	236000	1.74	0.25	1.49	38.8	RIP_affected
NC_063025.1	235500	236500	1.62	0.33	1.29	39.8	RIP_affected
NC_063025.1	236000	237000	1.56	0.68	0.89	50.3	RIP_affected
NC_063025.1	236500	237500	1.37	0.94	0.43	56.9	RIP_notaffected
NC_063025.1	237000	238000	1.22	0.98	0.24	55.2	RIP_notaffected
NC_063025.1	237500	238500	1.38	0.94	0.44	55.5	RIP_notaffected
NC_063025.1	238000	239000	1.36	1.0	0.36	56.9	RIP_notaffected
NC_063025.1	238500	239500	1.26	1.09	0.18	56.9	RIP_notaffected
NC_063025.1	239000	240000	1.17	1.0	0.17	56.2	RIP_notaffected
NC_063025.1	239500	240500	1.2	1.01	0.19	55.7	RIP_notaffected
NC_063025.1	240000	241000	1.11	1.08	0.03	54.9	RIP_notaffected
NC_063025.1	240500	241500	1.4	0.89	0.51	51.8	RIP_notaffected
NC_063025.1	241000	242000	2.1	0.39	1.71	44.0	RIP_affected
NC_063025.1	241500	242500	2.65	0.12	2.53	41.5	RIP_affected
NC_063025.1	242000	243000	1.91	0.11	1.8	38.9	RIP_affected
NC_063025.1	242500	243500	1.74	0.1	1.64	38.5	RIP_affected
NC_063025.1	243000	244000	2.09	0.11	1.98	43.2	RIP_affected
NC_063025.1	243500	244500	2.14	0.15	2.0	44.2	RIP_affected
NC_063025.1	244000	245000	2.2	0.2	2.0	43.8	RIP_affected
NC_063025.1	244500	245500	2.26	0.16	2.1	40.4	RIP_affected
NC_063025.1	245000	246000	2.43	0.08	2.35	40.2	RIP_affected
NC_063025.1	245500	246500	2.29	0.07	2.22	41.2	RIP_affected
NC_063025.1	246000	247000	2.15	0.14	2.01	41.6	RIP_affected
NC_063025.1	246500	247500	2.21	0.18	2.03	41.1	RIP_affected
NC_063025.1	247000	248000	1.93	0.26	1.67	38.4	RIP_affected
NC_063025.1	247500	248500	1.89	0.29	1.6	37.4	RIP_affected
NC_063025.1	248000	249000	2.13	0.18	1.95	38.9	RIP_affected
NC_063025.1	248500	249500	1.96	0.15	1.8	38.4	RIP_affected
NC_063025.1	249000	250000	2.05	0.18	1.87	37.5	RIP_affected
NC_063025.1	249500	250500	2.24	0.15	2.09	39.9	RIP_affected
NC_063025.1	250000	251000	2.11	0.13	1.98	43.5	RIP_affected
NC_063025.1	250500	251500	1.84	0.17	1.66	41.2	RIP_affected
NC_063025.1	251000	252000	1.63	0.2	1.43	38.3	RIP_affected
NC_063025.1	251500	252500	1.88	0.15	1.73	39.2	RIP_affected
NC_063025.1	252000	253000	1.99	0.17	1.82	37.2	RIP_affected
NC_063025.1	252500	253500	2.04	0.17	1.87	39.1	RIP_affected
NC_063025.1	253000	254000	2.02	0.13	1.89	40.2	RIP_affected
NC_063025.1	253500	254500	1.93	0.13	1.8	39.9	RIP_affected
NC_063025.1	254000	255000	1.95	0.18	1.77	38.7	RIP_affected
NC_063025.1	254500	255500	1.91	0.19	1.71	36.6	RIP_affected
NC_063025.1	255000	256000	2.09	0.09	2.0	36.5	RIP_affected
NC_063025.1	255500	256500	2.01	0.11	1.9	36.7	RIP_affected
NC_063025.1	256000	257000	1.89	0.22	1.67	39.1	RIP_affected
NC_063025.1	256500	257500	1.8	0.3	1.5	41.4	RIP_affected
NC_063025.1	257000	258000	1.61	0.46	1.15	39.4	RIP_affected
NC_063025.1	257500	258500	1.9	0.46	1.44	37.1	RIP_affected
NC_063025.1	258000	259000	2.16	0.38	1.77	37.6	RIP_affected
NC_063025.1	258500	259500	2.22	0.41	1.82	38.9	RIP_affected
NC_063025.1	259000	260000	2.01	0.36	1.66	40.0	RIP_affected
NC_063025.1	259500	260500	1.78	0.33	1.44	38.2	RIP_affected
NC_063025.1	260000	261000	1.9	0.42	1.48	36.7	RIP_affected
NC_063025.1	260500	261500	1.99	0.43	1.56	37.5	RIP_affected
NC_063025.1	261000	262000	2.04	0.35	1.69	42.2	RIP_affected
NC_063025.1	261500	262500	2.3	0.25	2.05	46.5	RIP_affected
NC_063025.1	262000	263000	2.0	0.3	1.7	40.8	RIP_affected
NC_063025.1	262500	263500	1.86	0.26	1.6	34.7	RIP_affected
NC_063025.1	263000	264000	2.02	0.29	1.73	38.9	RIP_affected
NC_063025.1	263500	264500	1.63	0.64	0.99	45.3	RIP_affected
NC_063025.1	264000	265000	0.9	1.16	-0.26	49.9	RIP_notaffected
NC_063025.1	264500	265500	0.63	1.33	-0.7	54.0	RIP_notaffected
NC_063025.1	265000	266000	0.63	1.21	-0.57	59.4	RIP_notaffected
NC_063025.1	265500	266500	0.88	1.24	-0.36	62.6	RIP_notaffected
NC_063025.1	266000	267000	1.07	1.08	-0.01	58.6	RIP_notaffected
NC_063025.1	266500	267500	0.94	1.04	-0.09	53.5	RIP_notaffected
NC_063025.1	267000	268000	1.09	1.03	0.06	52.8	RIP_notaffected
NC_063025.1	267500	268500	1.44	0.87	0.58	52.3	RIP_notaffected
NC_063025.1	268000	269000	1.79	0.6	1.19	46.7	RIP_affected
NC_063025.1	268500	269500	2.21	0.33	1.88	44.7	RIP_affected
NC_063025.1	269000	270000	2.09	0.38	1.71	45.5	RIP_affected
NC_063025.1	269500	270500	1.99	0.31	1.67	45.8	RIP_affected
NC_063025.1	270000	271000	2.16	0.19	1.98	46.6	RIP_affected
NC_063025.1	270500	271500	2.26	0.23	2.03	46.4	RIP_affected
NC_063025.1	271000	272000	2.31	0.18	2.14	47.2	RIP_affected
NC_063025.1	271500	272500	2.42	0.17	2.26	46.3	RIP_affected
NC_063025.1	272000	273000	2.23	0.22	2.01	45.6	RIP_affected
NC_063025.1	272500	273500	2.25	0.21	2.04	46.6	RIP_affected
NC_063025.1	273000	274000	2.2	0.22	1.98	46.6	RIP_affected
NC_063025.1	273500	274500	2.05	0.3	1.75	42.7	RIP_affected
NC_063025.1	274000	275000	2.61	0.23	2.38	41.6	RIP_affected
NC_063025.1	274500	275500	2.13	0.5	1.62	46.8	RIP_affected
NC_063025.1	275000	276000	1.23	1.08	0.14	51.8	RIP_notaffected
NC_063025.1	275500	276500	1.19	1.14	0.06	52.6	RIP_notaffected
NC_063025.1	276000	277000	1.16	0.97	0.18	52.3	RIP_notaffected
NC_063025.1	276500	277500	1.45	0.84	0.61	52.8	RIP_notaffected
NC_063025.1	277000	278000	1.63	0.89	0.74	53.6	RIP_notaffected
NC_063025.1	277500	278500	1.37	0.85	0.52	54.6	RIP_notaffected
NC_063025.1	278000	279000	1.4	0.88	0.53	55.5	RIP_notaffected
NC_063025.1	278500	279500	1.31	0.99	0.32	54.2	RIP_notaffected
NC_063025.1	279000	280000	1.2	1.04	0.16	51.7	RIP_notaffected
NC_063025.1	279500	280500	1.59	0.77	0.82	49.9	RIP_notaffected
NC_063025.1	280000	281000	1.89	0.3	1.59	44.0	RIP_affected
NC_063025.1	280500	281500	2.02	0.14	1.88	41.3	RIP_affected
NC_063025.1	281000	282000	2.15	0.14	2.0	43.9	RIP_affected
NC_063025.1	281500	282500	2.25	0.16	2.09	44.7	RIP_affected
NC_063025.1	282000	283000	2.42	0.18	2.23	43.9	RIP_affected
NC_063025.1	282500	283500	2.43	0.23	2.21	45.9	RIP_affected
NC_063025.1	283000	284000	2.69	0.17	2.52	49.7	RIP_affected
NC_063025.1	283500	284500	2.93	0.08	2.85	47.3	RIP_affected
NC_063025.1	284000	285000	2.44	0.12	2.32	44.1	RIP_affected
NC_063025.1	284500	285500	2.19	0.14	2.05	44.9	RIP_affected
NC_063025.1	285000	286000	2.34	0.13	2.21	46.5	RIP_affected
NC_063025.1	285500	286500	2.44	0.15	2.29	47.7	RIP_affected
NC_063025.1	286000	287000	2.61	0.12	2.49	46.3	RIP_affected
NC_063025.1	286500	287500	2.7	0.08	2.62	43.9	RIP_affected
NC_063025.1	287000	288000	2.17	0.13	2.05	42.4	RIP_affected
NC_063025.1	287500	288500	2.07	0.27	1.8	43.3	RIP_affected
NC_063025.1	288000	289000	2.2	0.26	1.94	43.2	RIP_affected
NC_063025.1	288500	289500	1.88	0.17	1.71	38.4	RIP_affected
NC_063025.1	289000	290000	2.09	0.1	1.99	41.7	RIP_affected
NC_063025.1	289500	290500	2.62	0.07	2.55	45.8	RIP_affected
NC_063025.1	290000	291000	2.1	0.32	1.78	45.5	RIP_affected
NC_063025.1	290500	291500	1.6	0.78	0.82	55.1	RIP_notaffected
NC_063025.1	291000	292000	1.1	0.99	0.11	56.0	RIP_notaffected
NC_063025.1	291500	292500	1.7	0.58	1.12	46.3	RIP_affected
NC_063025.1	292000	293000	2.19	0.14	2.04	40.8	RIP_affected
NC_063025.1	292500	293500	1.91	0.17	1.75	39.1	RIP_affected
NC_063025.1	293000	294000	1.48	0.76	0.72	47.8	RIP_notaffected
NC_063025.1	293500	294500	1.14	1.19	-0.06	54.1	RIP_notaffected
NC_063025.1	294000	295000	1.17	1.08	0.09	55.0	RIP_notaffected
NC_063025.1	294500	295500	1.32	0.95	0.37	57.2	RIP_notaffected
NC_063025.1	295000	296000	1.17	1.05	0.12	56.1	RIP_notaffected
NC_063025.1	295500	296500	1.29	1.07	0.22	56.7	RIP_notaffected
NC_063025.1	296000	297000	1.61	0.92	0.69	56.3	RIP_notaffected
NC_063025.1	296500	297500	1.18	0.97	0.21	55.5	RIP_notaffected
NC_063025.1	297000	298000	1.17	1.01	0.16	56.6	RIP_notaffected
NC_063025.1	297500	298500	1.73	0.73	1.0	52.4	RIP_affected
NC_063025.1	298000	299000	1.87	0.26	1.61	40.4	RIP_affected
NC_063025.1	298500	299500	2.09	0.12	1.96	37.7	RIP_affected
NC_063025.1	299000	300000	2.57	0.16	2.4	42.4	RIP_affected
NC_063025.1	299500	300500	2.44	0.17	2.27	44.4	RIP_affected
NC_063025.1	300000	301000	2.72	0.16	2.55	48.7	RIP_affected
NC_063025.1	300500	301500	2.93	0.11	2.83	47.4	RIP_affected
NC_063025.1	301000	302000	2.48	0.1	2.38	44.7	RIP_affected
NC_063025.1	301500	302500	2.39	0.12	2.27	44.2	RIP_affected
NC_063025.1	302000	303000	2.36	0.12	2.23	44.7	RIP_affected
NC_063025.1	302500	303500	2.45	0.12	2.33	47.0	RIP_affected
NC_063025.1	303000	304000	2.46	0.11	2.35	46.1	RIP_affected
NC_063025.1	303500	304500	2.45	0.07	2.38	44.3	RIP_affected
NC_063025.1	304000	305000	2.38	0.09	2.3	42.5	RIP_affected
NC_063025.1	304500	305500	2.21	0.26	1.95	43.4	RIP_affected
NC_063025.1	305000	306000	1.44	0.74	0.7	48.8	RIP_affected
NC_063025.1	305500	306500	0.66	1.14	-0.47	54.9	RIP_notaffected
NC_063025.1	306000	307000	0.54	1.15	-0.61	56.1	RIP_notaffected
NC_063025.1	306500	307500	0.76	1.06	-0.3	54.0	RIP_notaffected
NC_063025.1	307000	308000	1.15	0.93	0.22	53.8	RIP_notaffected
NC_063025.1	307500	308500	1.35	0.76	0.59	51.2	RIP_notaffected
NC_063025.1	308000	309000	1.77	0.42	1.35	44.6	RIP_affected
NC_063025.1	308500	309500	2.27	0.26	2.01	44.5	RIP_affected
NC_063025.1	309000	310000	2.02	0.64	1.39	52.4	RIP_affected
NC_063025.1	309500	310500	0.94	1.08	-0.14	54.4	RIP_notaffected
NC_063025.1	310000	311000	0.66	1.12	-0.46	56.0	RIP_notaffected
NC_063025.1	310500	311500	0.84	1.07	-0.23	57.5	RIP_notaffected
NC_063025.1	311000	312000	1.1	1.05	0.04	54.7	RIP_notaffected
NC_063025.1	311500	312500	0.96	1.06	-0.1	54.7	RIP_notaffected
NC_063025.1	312000	313000	0.78	1.24	-0.46	53.4	RIP_notaffected
NC_063025.1	312500	313500	0.71	1.26	-0.55	50.5	RIP_notaffected
NC_063025.1	313000	314000	0.63	1.28	-0.65	48.8	RIP_notaffected
NC_063025.1	313500	314500	0.79	1.21	-0.41	50.4	RIP_notaffected
NC_063025.1	314000	315000	0.88	1.17	-0.29	52.5	RIP_notaffected
NC_063025.1	314500	315500	0.67	1.25	-0.58	52.7	RIP_notaffected
NC_063025.1	315000	316000	0.79	1.19	-0.4	53.9	RIP_notaffected
NC_063025.1	315500	316500	0.96	1.12	-0.16	54.7	RIP_notaffected
NC_063025.1	316000	317000	1.69	0.59	1.11	48.7	RIP_affected
NC_063025.1	316500	317500	2.2	0.18	2.02	45.4	RIP_affected
NC_063025.1	317000	318000	2.16	0.2	1.96	46.5	RIP_affected
NC_063025.1	317500	318500	2.27	0.17	2.1	45.4	RIP_affected
NC_063025.1	318000	319000	2.47	0.1	2.37	46.9	RIP_affected
NC_063025.1	318500	319500	2.59	0.11	2.48	45.8	RIP_affected
NC_063025.1	319000	320000	2.26	0.08	2.18	43.8	RIP_affected
NC_063025.1	319500	320500	2.43	0.11	2.33	45.2	RIP_affected
NC_063025.1	320000	321000	2.39	0.12	2.27	43.8	RIP_affected
NC_063025.1	320500	321500	1.76	0.1	1.66	39.0	RIP_affected
NC_063025.1	321000	322000	1.85	0.15	1.69	38.8	RIP_affected
NC_063025.1	321500	322500	1.99	0.2	1.79	38.5	RIP_affected
NC_063025.1	322000	323000	1.9	0.17	1.73	37.3	RIP_affected
NC_063025.1	322500	323500	2.1	0.11	1.99	39.3	RIP_affected
NC_063025.1	323000	324000	1.84	0.1	1.74	38.1	RIP_affected
NC_063025.1	323500	324500	1.79	0.16	1.64	36.4	RIP_affected
NC_063025.1	324000	325000	1.92	0.17	1.75	37.7	RIP_affected
NC_063025.1	324500	325500	1.67	0.38	1.28	42.1	RIP_affected
NC_063025.1	325000	326000	1.48	0.6	0.88	46.1	RIP_affected
NC_063025.1	325500	326500	1.1	0.84	0.26	48.6	RIP_notaffected
NC_063025.1	326000	327000	0.85	1.12	-0.27	52.2	RIP_notaffected
NC_063025.1	326500	327500	0.83	1.15	-0.32	52.7	RIP_notaffected
NC_063025.1	327000	328000	1.08	0.94	0.14	48.0	RIP_notaffected
NC_063025.1	327500	328500	1.73	0.42	1.31	43.5	RIP_affected
NC_063025.1	328000	329000	2.0	0.17	1.83	41.4	RIP_affected
NC_063025.1	328500	329500	1.96	0.54	1.42	40.2	RIP_affected
NC_063025.1	329000	330000	1.76	0.81	0.96	41.5	RIP_notaffected
NC_063025.1	329500	330500	1.59	0.79	0.8	41.5	RIP_notaffected
NC_063025.1	330000	331000	1.34	0.99	0.35	43.1	RIP_notaffected
NC_063025.1	330500	331500	1.13	1.08	0.05	47.2	RIP_notaffected
NC_063025.1	331000	332000	1.09	1.16	-0.06	48.1	RIP_notaffected
NC_063025.1	331500	332500	1.12	1.23	-0.11	46.7	RIP_notaffected
NC_063025.1	332000	333000	0.87	1.33	-0.46	48.0	RIP_notaffected
NC_063025.1	332500	333500	0.75	1.43	-0.67	47.7	RIP_notaffected
NC_063025.1	333000	334000	1.17	0.93	0.24	46.0	RIP_notaffected
NC_063025.1	333500	334500	1.8	0.55	1.25	45.0	RIP_affected
NC_063025.1	334000	335000	1.84	0.35	1.49	41.2	RIP_affected
NC_063025.1	334500	335500	2.12	0.16	1.96	40.7	RIP_affected
NC_063025.1	335000	336000	2.42	0.17	2.25	42.2	RIP_affected
NC_063025.1	335500	336500	2.36	0.14	2.22	43.5	RIP_affected
NC_063025.1	336000	337000	2.25	0.13	2.12	43.4	RIP_affected
NC_063025.1	336500	337500	2.38	0.14	2.24	43.2	RIP_affected
NC_063025.1	337000	338000	2.31	0.15	2.16	44.1	RIP_affected
NC_063025.1	337500	338500	2.16	0.28	1.88	45.8	RIP_affected
NC_063025.1	338000	339000	2.08	0.57	1.51	51.4	RIP_affected
NC_063025.1	338500	339500	1.49	0.84	0.65	55.0	RIP_notaffected
NC_063025.1	339000	340000	1.5	0.87	0.63	53.9	RIP_notaffected
NC_063025.1	339500	340500	1.7	0.87	0.84	54.3	RIP_notaffected
NC_063025.1	340000	341000	2.04	0.44	1.59	49.9	RIP_affected
NC_063025.1	340500	341500	2.47	0.12	2.35	44.3	RIP_affected
NC_063025.1	341000	342000	1.84	0.51	1.32	46.4	RIP_affected
NC_063025.1	341500	342500	1.18	0.9	0.28	49.2	RIP_notaffected
NC_063025.1	342000	343000	0.87	1.01	-0.14	52.6	RIP_notaffected
NC_063025.1	342500	343500	0.66	1.2	-0.54	57.5	RIP_notaffected
NC_063025.1	343000	344000	0.64	1.17	-0.53	57.7	RIP_notaffected
NC_063025.1	343500	344500	0.55	1.28	-0.73	53.1	RIP_notaffected
NC_063025.1	344000	345000	0.63	1.36	-0.73	53.3	RIP_notaffected
NC_063025.1	344500	345500	0.73	1.2	-0.47	56.4	RIP_notaffected
NC_063025.1	345000	346000	0.6	1.17	-0.57	55.8	RIP_notaffected
NC_063025.1	345500	346500	0.53	1.22	-0.69	55.8	RIP_notaffected
NC_063025.1	346000	347000	0.74	1.07	-0.32	55.8	RIP_notaffected
NC_063025.1	346500	347500	0.69	1.18	-0.49	53.7	RIP_notaffected
NC_063025.1	347000	348000	0.7	1.26	-0.56	53.3	RIP_notaffected
NC_063025.1	347500	348500	0.85	1.09	-0.24	54.8	RIP_notaffected
NC_063025.1	348000	349000	0.77	1.07	-0.29	53.6	RIP_notaffected
NC_063025.1	348500	349500	0.93	1.08	-0.15	50.6	RIP_notaffected
NC_063025.1	349000	350000	0.86	1.24	-0.38	51.2	RIP_notaffected
NC_063025.1	349500	350500	0.69	1.17	-0.49	52.3	RIP_notaffected
NC_063025.1	350000	351000	1.02	0.97	0.04	49.3	RIP_notaffected
NC_063025.1	350500	351500	1.34	0.8	0.55	46.6	RIP_notaffected
NC_063025.1	351000	352000	1.68	0.46	1.22	43.2	RIP_affected
NC_063025.1	351500	352500	2.14	0.16	1.99	40.3	RIP_affected
NC_063025.1	352000	353000	1.92	0.09	1.83	42.2	RIP_affected
NC_063025.1	352500	353500	1.85	0.12	1.72	43.0	RIP_affected
NC_063025.1	353000	354000	1.96	0.14	1.82	42.1	RIP_affected
NC_063025.1	353500	354500	2.05	0.12	1.93	42.0	RIP_affected
NC_063025.1	354000	355000	2.31	0.08	2.23	41.6	RIP_affected
NC_063025.1	354500	355500	2.5	0.07	2.43	42.1	RIP_affected
NC_063025.1	355000	356000	2.02	0.11	1.91	39.4	RIP_affected
NC_063025.1	355500	356500	1.73	0.2	1.53	37.4	RIP_affected
NC_063025.1	356000	357000	1.91	0.15	1.76	38.2	RIP_affected
NC_063025.1	356500	357500	1.9	0.15	1.75	37.7	RIP_affected
NC_063025.1	357000	358000	1.77	0.22	1.55	39.4	RIP_affected
NC_063025.1	357500	358500	1.88	0.17	1.71	40.3	RIP_affected
NC_063025.1	358000	359000	1.94	0.05	1.89	38.8	RIP_affected
NC_063025.1	358500	359500	2.1	0.05	2.05	38.1	RIP_affected
NC_063025.1	359000	360000	2.13	0.09	2.04	38.2	RIP_affected
NC_063025.1	359500	360500	2.05	0.13	1.93	38.0	RIP_affected
NC_063025.1	360000	361000	2.33	0.12	2.2	39.2	RIP_affected
NC_063025.1	360500	361500	2.77	0.09	2.68	43.2	RIP_affected
NC_063025.1	361000	362000	3.36	0.08	3.28	49.6	RIP_affected
NC_063025.1	361500	362500	2.91	0.09	2.82	47.7	RIP_affected
NC_063025.1	362000	363000	2.48	0.11	2.38	45.8	RIP_affected
NC_063025.1	362500	363500	2.41	0.11	2.3	48.0	RIP_affected
NC_063025.1	363000	364000	2.35	0.12	2.22	45.9	RIP_affected
NC_063025.1	363500	364500	2.31	0.18	2.13	44.7	RIP_affected
NC_063025.1	364000	365000	2.1	0.2	1.9	43.8	RIP_affected
NC_063025.1	364500	365500	1.9	0.21	1.69	42.6	RIP_affected
NC_063025.1	365000	366000	1.92	0.26	1.66	43.7	RIP_affected
NC_063025.1	365500	366500	2.03	0.28	1.75	44.2	RIP_affected
NC_063025.1	366000	367000	1.99	0.22	1.77	43.4	RIP_affected
NC_063025.1	366500	367500	2.19	0.16	2.03	44.3	RIP_affected
NC_063025.1	367000	368000	2.31	0.11	2.19	45.0	RIP_affected
NC_063025.1	367500	368500	2.3	0.09	2.21	43.6	RIP_affected
NC_063025.1	368000	369000	2.14	0.13	2.02	41.6	RIP_affected
NC_063025.1	368500	369500	2.3	0.1	2.2	42.7	RIP_affected
NC_063025.1	369000	370000	2.45	0.11	2.34	43.9	RIP_affected
NC_063025.1	369500	370500	2.36	0.11	2.25	45.1	RIP_affected
NC_063025.1	370000	371000	2.57	0.08	2.49	46.9	RIP_affected
NC_063025.1	370500	371500	2.43	0.14	2.3	46.0	RIP_affected
NC_063025.1	371000	372000	2.45	0.14	2.31	45.1	RIP_affected
NC_063025.1	371500	372500	2.75	0.14	2.61	45.7	RIP_affected
NC_063025.1	372000	373000	3.0	0.1	2.9	47.9	RIP_affected
NC_063025.1	372500	373500	2.73	0.08	2.65	48.4	RIP_affected
NC_063025.1	373000	374000	2.61	0.13	2.48	44.1	RIP_affected
NC_063025.1	373500	374500	2.57	0.19	2.38	42.0	RIP_affected
NC_063025.1	374000	375000	2.28	0.37	1.91	43.4	RIP_affected
NC_063025.1	374500	375500	1.52	0.71	0.82	47.7	RIP_affected
NC_063025.1	375000	376000	1.06	1.0	0.06	51.0	RIP_notaffected
NC_063025.1	375500	376500	0.87	1.22	-0.35	52.1	RIP_notaffected
NC_063025.1	376000	377000	0.85	1.22	-0.37	52.2	RIP_notaffected
NC_063025.1	376500	377500	0.81	1.15	-0.34	52.3	RIP_notaffected
NC_063025.1	377000	378000	1.04	1.0	0.04	53.4	RIP_notaffected
NC_063025.1	377500	378500	1.77	0.64	1.14	55.0	RIP_affected
NC_063025.1	378000	379000	1.52	0.63	0.9	54.7	RIP_affected
NC_063025.1	378500	379500	1.7	0.42	1.29	46.9	RIP_affected
NC_063025.1	379000	380000	2.29	0.07	2.22	43.6	RIP_affected
NC_063025.1	379500	380500	2.32	0.07	2.24	45.0	RIP_affected
NC_063025.1	380000	381000	2.3	0.12	2.18	45.1	RIP_affected
NC_063025.1	380500	381500	2.56	0.15	2.42	47.5	RIP_affected
NC_063025.1	381000	382000	2.49	0.14	2.35	46.7	RIP_affected
NC_063025.1	381500	382500	2.18	0.17	2.01	42.7	RIP_affected
NC_063025.1	382000	383000	2.16	0.17	1.99	41.5	RIP_affected
NC_063025.1	382500	383500	2.15	0.35	1.81	44.6	RIP_affected
NC_063025.1	383000	384000	1.98	0.48	1.5	48.6	RIP_affected
NC_063025.1	383500	384500	2.18	0.3	1.88	47.6	RIP_affected
NC_063025.1	384000	385000	2.37	0.2	2.17	45.9	RIP_affected
NC_063025.1	384500	385500	2.36	0.23	2.13	47.3	RIP_affected
NC_063025.1	385000	386000	2.32	0.18	2.14	46.4	RIP_affected
NC_063025.1	385500	386500	2.29	0.11	2.17	45.4	RIP_affected
NC_063025.1	386000	387000	2.48	0.1	2.37	46.3	RIP_affected
NC_063025.1	386500	387500	2.23	0.11	2.12	42.1	RIP_affected
NC_063025.1	387000	388000	2.19	0.08	2.11	41.5	RIP_affected
NC_063025.1	387500	388500	2.24	0.1	2.14	42.6	RIP_affected
NC_063025.1	388000	389000	1.97	0.16	1.8	39.0	RIP_affected
NC_063025.1	388500	389500	2.03	0.19	1.84	39.1	RIP_affected
NC_063025.1	389000	390000	1.82	0.26	1.56	39.4	RIP_affected
NC_063025.1	389500	390500	1.93	0.19	1.74	37.0	RIP_affected
NC_063025.1	390000	391000	2.18	0.13	2.05	36.9	RIP_affected
NC_063025.1	390500	391500	1.97	0.2	1.77	40.4	RIP_affected
NC_063025.1	391000	392000	2.01	0.28	1.74	39.6	RIP_affected
NC_063025.1	391500	392500	2.01	0.33	1.68	37.3	RIP_affected
NC_063025.1	392000	393000	2.06	0.41	1.65	39.1	RIP_affected
NC_063025.1	392500	393500	2.32	0.44	1.87	41.8	RIP_affected
NC_063025.1	393000	394000	2.14	0.39	1.75	41.1	RIP_affected
NC_063025.1	393500	394500	2.07	0.31	1.75	39.8	RIP_affected
NC_063025.1	394000	395000	2.14	0.33	1.81	41.1	RIP_affected
NC_063025.1	394500	395500	2.25	0.32	1.92	42.2	RIP_affected
NC_063025.1	395000	396000	1.88	0.34	1.54	41.0	RIP_affected
NC_063025.1	395500	396500	1.86	0.44	1.42	39.1	RIP_affected
NC_063025.1	396000	397000	2.04	0.53	1.51	38.4	RIP_affected
NC_063025.1	396500	397500	1.82	0.54	1.28	37.6	RIP_affected
NC_063025.1	397000	398000	1.94	0.2	1.74	40.5	RIP_affected
NC_063025.1	397500	398500	2.14	0.03	2.11	43.6	RIP_affected
NC_063025.1	398000	399000	2.42	0.02	2.4	44.6	RIP_affected
NC_063025.1	398500	399500	2.77	0.03	2.75	48.9	RIP_affected
NC_063025.1	399000	400000	2.54	0.02	2.52	50.1	RIP_affected
NC_063025.1	399500	400500	2.33	0.02	2.32	47.9	RIP_affected
NC_063025.1	400000	401000	2.02	0.17	1.86	44.9	RIP_affected
NC_063025.1	400500	401500	1.89	0.33	1.56	44.1	RIP_affected
NC_063025.1	401000	402000	1.92	0.29	1.63	43.8	RIP_affected
NC_063025.1	401500	402500	1.94	0.19	1.74	42.3	RIP_affected
NC_063025.1	402000	403000	2.1	0.19	1.91	43.3	RIP_affected
NC_063025.1	402500	403500	2.27	0.25	2.02	44.5	RIP_affected
NC_063025.1	403000	404000	2.31	0.18	2.13	45.4	RIP_affected
NC_063025.1	403500	404500	2.34	0.13	2.21	44.1	RIP_affected
NC_063025.1	404000	405000	2.29	0.15	2.14	41.8	RIP_affected
NC_063025.1	404500	405500	2.26	0.26	2.0	41.9	RIP_affected
NC_063025.1	405000	406000	2.25	0.31	1.94	43.9	RIP_affected
NC_063025.1	405500	406500	2.12	0.28	1.83	45.7	RIP_affected
NC_063025.1	406000	407000	2.04	0.24	1.8	45.7	RIP_affected
NC_063025.1	406500	407500	2.18	0.17	2.02	43.8	RIP_affected
NC_063025.1	407000	408000	2.47	0.19	2.28	46.6	RIP_affected
NC_063025.1	407500	408500	2.67	0.2	2.48	48.5	RIP_affected
NC_063025.1	408000	409000	2.51	0.2	2.31	45.4	RIP_affected
NC_063025.1	408500	409500	2.34	0.2	2.14	45.7	RIP_affected
NC_063025.1	409000	410000	2.64	0.15	2.48	48.6	RIP_affected
NC_063025.1	409500	410500	2.25	0.17	2.08	44.7	RIP_affected
NC_063025.1	410000	411000	1.78	0.16	1.61	41.2	RIP_affected
NC_063025.1	410500	411500	2.25	0.12	2.14	46.2	RIP_affected
NC_063025.1	411000	412000	2.42	0.1	2.33	46.0	RIP_affected
NC_063025.1	411500	412500	2.3	0.05	2.25	45.0	RIP_affected
NC_063025.1	412000	413000	2.39	0.04	2.35	42.6	RIP_affected
NC_063025.1	412500	413500	2.27	0.13	2.14	38.9	RIP_affected
NC_063025.1	413000	414000	1.67	0.67	1.0	45.1	RIP_affected
NC_063025.1	413500	414500	1.0	1.26	-0.26	48.6	RIP_notaffected
NC_063025.1	414000	415000	1.09	1.21	-0.12	47.8	RIP_notaffected
NC_063025.1	414500	415500	1.53	0.69	0.84	45.6	RIP_affected
NC_063025.1	415000	416000	1.94	0.47	1.47	42.7	RIP_affected
NC_063025.1	415500	416500	1.82	0.74	1.08	48.2	RIP_affected
NC_063025.1	416000	417000	1.69	0.6	1.08	43.9	RIP_affected
NC_063025.1	416500	417500	1.77	0.19	1.58	34.4	RIP_affected
NC_063025.1	417000	418000	1.82	0.16	1.66	35.3	RIP_affected
NC_063025.1	417500	418500	1.81	0.09	1.73	37.5	RIP_affected
NC_063025.1	418000	419000	1.84	0.07	1.77	38.7	RIP_affected
NC_063025.1	418500	419500	1.95	0.15	1.8	39.4	RIP_affected
NC_063025.1	419000	420000	1.95	0.51	1.43	45.0	RIP_affected
NC_063025.1	419500	420500	1.32	0.87	0.45	55.5	RIP_notaffected
NC_063025.1	420000	421000	0.7	1.19	-0.49	58.0	RIP_notaffected
NC_063025.1	420500	421500	0.76	1.17	-0.41	53.7	RIP_notaffected
NC_063025.1	421000	422000	0.71	1.12	-0.41	54.0	RIP_notaffected
NC_063025.1	421500	422500	0.55	1.27	-0.73	54.6	RIP_notaffected
NC_063025.1	422000	423000	0.63	1.12	-0.49	55.6	RIP_notaffected
NC_063025.1	422500	423500	0.8	1.0	-0.2	54.8	RIP_notaffected
NC_063025.1	423000	424000	0.79	1.08	-0.29	51.6	RIP_notaffected
NC_063025.1	423500	424500	0.9	1.11	-0.21	51.6	RIP_notaffected
NC_063025.1	424000	425000	1.08	1.04	0.04	51.6	RIP_notaffected
NC_063025.1	424500	425500	1.38	0.78	0.6	46.5	RIP_notaffected
NC_063025.1	425000	426000	1.97	0.27	1.71	44.8	RIP_affected
NC_063025.1	425500	426500	2.22	0.07	2.15	42.5	RIP_affected
NC_063025.1	426000	427000	2.01	0.24	1.77	42.7	RIP_affected
NC_063025.1	426500	427500	2.15	0.38	1.77	45.3	RIP_affected
NC_063025.1	427000	428000	1.98	0.58	1.4	49.1	RIP_affected
NC_063025.1	427500	428500	1.52	0.85	0.68	56.2	RIP_notaffected
NC_063025.1	428000	429000	1.18	1.05	0.13	55.8	RIP_notaffected
NC_063025.1	428500	429500	1.25	0.99	0.26	54.9	RIP_notaffected
NC_063025.1	429000	430000	1.49	0.97	0.51	56.9	RIP_notaffected
NC_063025.1	429500	430500	1.16	1.09	0.07	56.8	RIP_notaffected
NC_063025.1	430000	431000	1.08	0.98	0.1	55.3	RIP_notaffected
NC_063025.1	430500	431500	1.27	0.96	0.3	56.4	RIP_notaffected
NC_063025.1	431000	432000	1.12	1.15	-0.03	56.3	RIP_notaffected
NC_063025.1	431500	432500	1.18	1.18	-0.0	52.3	RIP_notaffected
NC_063025.1	432000	433000	1.7	0.6	1.1	47.8	RIP_affected
NC_063025.1	432500	433500	2.19	0.2	1.99	46.4	RIP_affected
NC_063025.1	433000	434000	2.41	0.15	2.25	44.2	RIP_affected
NC_063025.1	433500	434500	2.4	0.15	2.25	46.6	RIP_affected
NC_063025.1	434000	435000	2.53	0.2	2.32	48.7	RIP_affected
NC_063025.1	434500	435500	2.29	0.23	2.06	46.5	RIP_affected
NC_063025.1	435000	436000	2.24	0.2	2.04	45.7	RIP_affected
NC_063025.1	435500	436500	2.22	0.18	2.04	45.8	RIP_affected
NC_063025.1	436000	437000	2.05	0.21	1.84	44.8	RIP_affected
NC_063025.1	436500	437500	2.05	0.18	1.87	43.5	RIP_affected
NC_063025.1	437000	438000	2.03	0.34	1.68	41.3	RIP_affected
NC_063025.1	437500	438500	1.94	0.55	1.39	38.0	RIP_affected
NC_063025.1	438000	439000	1.95	0.6	1.34	38.1	RIP_affected
NC_063025.1	438500	439500	2.24	0.6	1.64	39.4	RIP_affected
NC_063025.1	439000	440000	2.27	0.64	1.63	40.1	RIP_affected
NC_063025.1	439500	440500	1.87	0.79	1.08	39.0	RIP_notaffected
NC_063025.1	440000	441000	1.59	0.91	0.68	37.9	RIP_notaffected
NC_063025.1	440500	441500	1.77	0.8	0.98	38.6	RIP_notaffected
NC_063025.1	441000	442000	2.07	0.54	1.53	39.1	RIP_affected
NC_063025.1	441500	442500	1.85	0.37	1.48	38.9	RIP_affected
NC_063025.1	442000	443000	1.86	0.33	1.53	40.0	RIP_affected
NC_063025.1	442500	443500	1.88	0.32	1.56	39.9	RIP_affected
NC_063025.1	443000	444000	1.77	0.23	1.54	39.5	RIP_affected
NC_063025.1	443500	444500	1.95	0.08	1.88	40.8	RIP_affected
NC_063025.1	444000	445000	2.15	0.09	2.06	42.0	RIP_affected
NC_063025.1	444500	445500	2.3	0.12	2.18	44.6	RIP_affected
NC_063025.1	445000	446000	2.29	0.14	2.14	45.4	RIP_affected
NC_063025.1	445500	446500	2.0	0.5	1.5	50.0	RIP_affected
NC_063025.1	446000	447000	1.62	0.87	0.76	56.2	RIP_notaffected
NC_063025.1	446500	447500	1.74	0.91	0.83	54.0	RIP_notaffected
NC_063025.1	447000	448000	1.46	0.85	0.61	51.7	RIP_notaffected
NC_063025.1	447500	448500	1.13	0.95	0.18	51.8	RIP_notaffected
NC_063025.1	448000	449000	1.15	1.14	0.01	53.0	RIP_notaffected
NC_063025.1	448500	449500	1.44	0.84	0.61	50.5	RIP_notaffected
NC_063025.1	449000	450000	1.8	0.31	1.5	42.7	RIP_affected
NC_063025.1	449500	450500	1.92	0.06	1.86	38.7	RIP_affected
NC_063025.1	450000	451000	1.78	0.07	1.71	37.3	RIP_affected
NC_063025.1	450500	451500	1.49	0.42	1.08	40.8	RIP_affected
NC_063025.1	451000	452000	1.03	1.0	0.03	51.4	RIP_notaffected
NC_063025.1	451500	452500	0.87	1.15	-0.28	51.8	RIP_notaffected
NC_063025.1	452000	453000	1.57	0.54	1.03	43.5	RIP_affected
NC_063025.1	452500	453500	2.0	0.15	1.85	42.9	RIP_affected
NC_063025.1	453000	454000	2.32	0.08	2.24	45.2	RIP_affected
NC_063025.1	453500	454500	2.77	0.02	2.75	47.8	RIP_affected
NC_063025.1	454000	455000	2.5	0.08	2.42	49.8	RIP_affected
NC_063025.1	454500	455500	1.44	0.71	0.73	49.5	RIP_affected
NC_063025.1	455000	456000	0.8	1.05	-0.25	51.5	RIP_notaffected
NC_063025.1	455500	456500	0.71	1.06	-0.36	52.1	RIP_notaffected
NC_063025.1	456000	457000	0.5	1.08	-0.58	55.4	RIP_notaffected
NC_063025.1	456500	457500	0.82	0.97	-0.15	53.5	RIP_notaffected
NC_063025.1	457000	458000	1.69	0.51	1.17	48.1	RIP_affected
NC_063025.1	457500	458500	1.99	0.12	1.87	46.0	RIP_affected
NC_063025.1	458000	459000	1.92	0.3	1.62	45.3	RIP_affected
NC_063025.1	458500	459500	1.92	0.3	1.62	44.5	RIP_affected
NC_063025.1	459000	460000	1.9	0.18	1.72	41.9	RIP_affected
NC_063025.1	459500	460486	2.28	0.14	2.14	42.39	RIP_affected
